1721297592 7511172 30.36 -3475 -41
1721466123 7516216 46.61 -3184 -35
1721500565 7517526 12.06 -2091 -55
1721689680 7524223 39.57 -2662 259
1721966480 7532482 7.83 -10026 294
1721977116 7532696 53.66 -10025 294
1722017797 7533821 40.59 -10027 286
1722018357 7533925 17.74 -10028 286
1722018780 7533934 20.51 -10028 286
1722096065 7537510 10.98 -10028 287
1722096756 7537522 20.16 -10027 287
1722497364 7555404 41.74 -10022 296
1722601741 7559353 57.06 -10026 287
1722634822 7560894 36.94 -10027 286
1722635639 7560991 11.54 -10027 287
1722740294 7565570 16.13 -10024 286
1723228848 7581514 26.67 -23510 -35
1723229252 7581510 33.75 -23510 -36
1723229582 7581442 56.08 -23510 -37
1723230603 7581552 39.56 -23510 -38
1723386895 7586200 40.12 -23510 -40
1723678699 7595388 49.53 -26514 -76
1723729475 7596785 5.28 -27556 246
1723847562 7600447 21.19 -27532 257
1723849396 7600452 49.50 -27531 257
1723849960 7600539 33.51 -27530 256
1723905983 7602159 15.02 -27531 256
1723911195 7602227 51.40 -27531 256
1723913645 7602314 48.53 -29328 -107
1723968229 7604316 37.73 -27529 257
1723969041 7604309 59.96 -27528 257
1723999171 7605385 24.34 -28537 -264
1724083481 7608335 8.86 -27530 256
1724429161 7619278 28.60 -34411 348
1724534100 7622662 34.77 -34407 344
1724682611 7627981 47.20 -34345 359
1724881736 7633056 50.10 -34359 369
1724962508 7634637 46.97 -34360 366
1725049741 7637172 27.56 -34349 352
1725050880 7637177 44.75 -34349 353
1725051557 7637236 26.59 -34347 353
1725118729 7639081 29.29 -34363 365
1725125536 7639269 58.53 -34347 353
1725312832 7645287 57.32 -34349 352
1725752780 7657262 42.59 -48877 -52
1726700953 7682446 51.43 -61047 342
1726709879 7682665 28.21 -61045 343
1726736444 7683252 26.19 -61039 352
1726749946 7683525 33.42 -61413 -42
1726802450 7684649 48.61 -60933 -312
1726815170 7684860 58.82 -60949 -314
1726832902 7685045 45.30 -60944 -313
1726865760 7686117 24.36 -60915 -301
1726867498 7686229 23.88 -60914 -301
1727144819 7695023 25.23 -61938 101
1727554866 7705057 50.93 -67714 271
1727555336 7705073 55.11 -67713 271
1727807783 7712253 42.06 -64406 336
1728147187 7720746 49.37 -75968 -224
1728147599 7720745 56.07 -75966 -224
1728150262 7720890 47.13 -75968 -224
1728330067 7726391 41.22 -77639 301
1728404366 7728110 52.94 -79105 -42
1728406469 7728254 6.22 -79107 -42
1728406739 7728228 27.85 -79105 -42
1728460765 7729376 32.46 -77637 301
1728472208 7729571 33.14 -77638 301
1728508432 7730334 57.58 -77637 300
1728643483 7733506 47.35 -77635 301
1728699145 7735283 59.98 -77635 302
1728706392 7735551 42.07 -80218 -284
1728742406 7736321 57.50 -80267 -94
1729004893 7743235 50.72 -84740 -151
1729027873 7743941 42.39 -84739 -150
1729179886 7747735 26.29 -84736 -150
1729271948 7750077 41.90 -85360 -334
1729272292 7750081 41.88 -85359 -335
1729341385 7752231 49.88 -85858 376
1729345810 7752387 18.90 -85860 379
1729942324 7772334 57.41 -80599 -84
1730440857 7792900 59.45 -81044 284
1730586577 7798919 49.69 -83700 312
1730597444 7799390 31.59 -83710 313
1730744231 7805121 57.62 -85074 -69
1730911895 7811431 56.47 -87366 376
1731464314 7843324 51.28 -93984 -20
1731514650 7845177 21.37 -95662 332
1731688681 7852398 13.76 -95624 316
1731698893 7852711 48.68 -95625 315
1731700592 7852768 50.14 -95624 314
1731709384 7853306 16.77 -95625 313
1731711505 7853336 45.23 -95624 314
1731711918 7853365 40.74 -95624 312
1731849455 7859598 41.22 -99041 -277
1731865085 7860478 6.52 -99034 -255
1731996357 7866167 46.02 -101257 370
1732286950 7877547 44.80 -107818 -324
1732392423 7880743 49.16 -108105 -310
1732392994 7880812 41.61 -108106 -313
1732399316 7881009 52.99 -106398 134
1732488190 7883554 38.44 -108104 -315
1732528177 7884547 39.47 -108107 -311
1732573261 7885428 50.76 -108107 -313
1732587873 7885850 14.25 -108108 -314
1732867494 7893510 52.43 -112000 -25
1732929650 7895988 32.80 -112004 -25
1733217443 7909170 24.82 -112824 -264
1733938829 7935108 26.14 -123181 -266
1735318616 7988115 9.33 -135550 411
1735501080 7997603 15.03 -136235 279
1735562030 8000627 30.11 -136366 -277
1735642870 8004310 57.93 -136781 186
1735798781 8011459 33.61 -138094 274
1735886529 8015282 55.32 -138091 267
1735914800 8016254 20.74 -137484 -318
1735930619 8016870 35.31 -138095 263
1736035741 8021200 45.20 -139974 -162
1736108012 8024276 26.75 -138093 270
1736311074 8032100 24.56 -138102 273
1736627309 8042850 45.21 -144162 -66
1736635289 8043320 34.91 -144164 -74
1736636866 8043413 28.50 -138093 267
1736699186 8046215 14.95 -144738 -327
1736852364 8051472 39.61 -144709 -320
1737157085 8063699 13.25 -1080 -336
1737323509 8071595 12.07 166 283
1737527400 8079705 15.71 -2846 -227
1737550245 8080091 10.88 -3563 323
1737618049 8082281 55.02 -2259 -108
1737878403 8092209 17.65 -2318 -110
1737879310 8092175 55.61 -2319 -109
1737946401 8095622 29.68 -2247 -108
1737946647 8095655 25.88 -2248 -107
1738006543 8097511 12.38 -2254 -114
1738055904 8099147 10.61 -4562 277
1738083802 8100013 29.35 -4560 317
1738148924 8102430 49.42 -2316 -122
1738205065 8104622 46.19 -8080 -192
1738224852 8105469 48.70 -8102 -192
1738348052 8109564 57.43 -8422 250
1738385990 8111740 26.70 -10223 -263
1738393285 8112063 49.52 -10225 -264
1738562486 8119088 53.37 -10222 -263
1738895552 8128971 18.57 -17120 -124
1739346474 8145722 30.24 -21307 382
1739568616 8152111 58.65 -23645 -198
1739687106 8155899 34.91 -23087 119
1739733670 8157478 3.04 -25227 -317
1739788387 8159145 17.24 -25708 -159
1739834759 8160806 46.66 -23090 119
1739997273 8166124 58.53 -28645 -79
1740006544 8166552 31.56 -10222 -263
1740098015 8169315 50.29 -26077 401
1740244894 8174592 10.58 -23122 130
1740249696 8174734 45.55 -23122 131
1740269445 8175700 5.85 -32636 -196
1740322333 8177349 27.00 -23096 120
1740427096 8180714 28.24 -25022 -111
1740507579 8182633 17.05 -26158 -283
1740513746 8182778 27.59 -27685 365
1740522315 8183066 44.97 -27720 383
1740573453 8184355 31.29 -26156 -282
1740593804 8184915 52.41 -25032 -117
1740613563 8185567 48.21 -25046 -118
1740678289 8186836 13.54 -25043 -118
1740687762 8187018 47.25 -25046 -120
1740701514 8187539 21.69 -23091 120
1740801656 8190052 56.68 -27719 354
1740808492 8190231 32.43 -27719 355
1740811199 8190277 17.02 -27718 357
1740921745 8193201 24.50 -30210 -290
1740958958 8194583 18.94 -31755 -78
1742124970 8222055 45.38 -43800 -115
1742426735 8230096 39.34 -43799 -115
1742979216 8246185 20.36 -43803 -54
1743620219 8258917 47.67 -62319 -41
1743711704 8260473 36.01 -62319 -40
1743730194 8260768 43.25 -62315 -41
1743773329 8261478 13.77 -62295 -18
1743822714 8262341 25.78 -62316 -41
1743882645 8263625 47.51 -63403 240
1744078233 8267708 12.91 -65722 165
1744275685 8271658 18.61 -67911 321
1744313528 8272315 10.22 -67910 321
1744362665 8273166 45.73 -69110 118
1744376982 8273310 51.10 -69108 116
1744426746 8274251 43.42 -67911 321
1744438648 8274539 44.82 -67965 315
1744451849 8274767 47.38 -67907 321
1744470465 8275250 14.59 -67906 321
1744612048 8279066 27.44 -72508 -192
1744636633 8279543 24.38 -72508 -191
1744811877 8282817 12.08 -74781 -281
1744831041 8283155 10.16 -74780 -281
1744851192 8283636 22.09 -74779 -281
1744883838 8284267 23.35 -74782 -281
1744993686 8286957 11.75 -74778 -281
1745082142 8289033 51.80 -76159 -177
1745089166 8289210 55.65 -76170 -184
1745089680 8289385 6.95 -76170 -184
1745089920 8289400 7.53 -76170 -185
1745151415 8290473 4.60 -78977 318
1745180210 8291095 24.41 -79672 -277
1745253637 8292462 34.01 -80320 408
1745260268 8292581 55.65 -81222 -9
1745356749 8294761 13.18 -81232 0
1745444757 8296947 50.58 -81550 328
1745444759 8296974 37.79 -81550 328
1745495166 8298020 35.76 -81546 328
1745578182 8299529 14.74 -83103 -81
1745589329 8299684 39.71 -82575 -258
1745595560 8299787 18.86 -82596 -227
1745628383 8300527 43.81 -82596 -226
1745757451 8303561 8.70 -84281 362
1745880871 8306400 40.61 -85325 -378
1745950734 8308022 51.08 -86925 126
1746034183 8309582 25.92 -87930 -87
1746207143 8312824 42.27 -89165 284
1746702135 8325615 45.04 -93983 324
1746739559 8326407 35.74 -95639 41
1746904083 8329823 11.06 -96807 221
1746976556 8332743 23.91 -97283 88
1747110213 8335606 30.85 -96808 231
1747256125 8338410 28.04 -802 -286
1747514804 8344114 50.88 -5015 366
1747538857 8344740 5.10 -802 -283
1747618634 8346724 50.65 -4998 364
1748756968 8374179 5.62 -13541 -326
1748870456 8376905 47.83 -15043 281
1748935697 8378287 25.55 -15565 -143
1749053221 8380784 32.34 -16597 -275
1749680199 8397431 17.77 -28373 -268
1749745977 8398992 16.28 -28375 -293
1749837568 8401014 48.06 -29178 121
1750056840 8406073 9.86 -32409 -216
1750452265 8415323 31.74 -36868 286
1750599737 8419079 43.31 -36869 288
1750637554 8420510 21.36 -36870 286
1750710745 8422160 11.68 -36869 286
1750890198 8426808 55.58 -42047 -340
1751064571 8431619 31.13 -42552 -28
1751074445 8431905 24.07 -42551 -28
1751402721 8442187 17.16 -46762 -101
1751468698 8444108 50.17 -46751 -98
1751474102 8444370 43.78 -46749 -98
1751735634 8452876 56.79 -47119 286
1752420908 8477596 52.03 -58199 334
1752504574 8480138 29.74 -58235 333
1752811847 8490429 13.55 -58198 334
1752829382 8490802 14.17 -58236 331
1752997000 8496576 50.27 -58197 334
1753267196 8506038 24.72 -58200 334
1753439392 8511044 53.87 -58215 325
1753535511 8515538 47.14 -58198 334
1753837599 8527285 15.12 -58235 327
1753837814 8527269 19.72 -58235 328
1753838012 8527226 29.53 -58235 329
1753838253 8527273 25.62 -58235 331
1753838465 8527300 22.67 -58236 332
1754510053 8544598 16.33 322240 379
1754571492 8546015 6.60 321675 -73
1754601133 8546804 21.91 322169 -332
1754679417 8548536 5.44 322170 -332
1754865139 8552854 19.65 319765 313
1754932023 8554363 39.25 319714 298
1755031134 8556614 10.05 317948 -277
1755470768 8566294 20.67 312954 316
1755500602 8566977 10.49 312963 318
1755554814 8567952 57.66 312952 319
1755569745 8568483 5.03 312969 324
1755666999 8570505 19.11 312947 301
1755667000 8570506 17.81 312947 302
1755921943 8575862 37.21 309013 -246
1756029224 8578303 44.42 307817 373
1757079445 8599504 57.15 -2604 -133
1757080272 8599556 28.83 -2605 -133
1757126795 8600532 44.59 87 52
1757342174 8605083 10.83 -6796 82
1757759581 8612542 59.27 -9735 379
1757913597 8615781 27.05 -11304 134
1757960323 8616365 44.35 -11433 172
1758197176 8620372 44.44 -12507 176
1758307861 8622426 34.77 -12781 259
1758313036 8622545 30.66 -12656 -284
1758427188 8624648 58.14 -13049 -56
1758431981 8624832 44.96 -12782 258
1758500994 8626509 29.17 -13002 -95
1758523339 8627065 3.13 -9707 417
1758545886 8627382 29.23 -13031 -61
1758559819 8627613 18.30 -13634 -285
1758560013 8627612 22.86 -13002 -80
1758576522 8627888 21.77 -12815 291
1758581868 8628071 11.31 -12958 -92
1758632773 8628766 22.46 -12962 -122
1758886188 8632770 32.89 -17850 -184
1759061265 8636070 40.32 -19337 -123
1760020694 8656922 34.45 -32891 354
1760236585 8660750 58.44 -33537 46
1760449553 8664864 44.75 -33579 63
1760527695 8665972 46.19 -33581 65
1761219127 8677379 39.32 -44893 249
1761345575 8679270 50.58 -45347 151
1761407096 8680464 33.05 -45349 150
1761422500 8680823 49.47 -45348 150
1761435617 8681224 27.65 -45350 151
1761594425 8684451 33.22 -46691 281
1761690125 8686082 44.34 -48899 130
1762112295 8694841 34.82 -53783 -39
1762317624 8698276 43.01 -55576 -35
1762371832 8698899 56.09 -55576 -36
1762409553 8699416 7.14 -55574 -35
1762534896 8701099 32.21 -55574 -36
1762645882 8703162 22.50 -55574 -35