5.000000 19.978056 775.186109 795.164165
6.000000 21.726469 632.464768 654.191237
7.000000 24.663346 490.658092 515.321438
8.000000 14.317226 473.068325 487.385551
9.000000 19.486066 302.550767 322.036833
10.000000 25.069088 267.895526 292.964614
11.000000 24.726635 314.742454 339.469089
12.000000 13.595427 247.515538 261.110965
13.000000 20.713046 213.771831 234.484877
14.000000 15.990478 196.561095 212.551573
15.000000 15.043039 161.214505 176.257544
16.000000 19.603613 146.599849 166.203462
17.000000 20.215421 152.419956 172.635377
18.000000 20.688510 115.467695 136.156205
19.000000 17.028560 81.835389 98.863949
20.000000 15.337115 88.159819 103.496934
21.000000 10.835168 67.697252 78.532420
22.000000 16.072252 94.613196 110.685449
23.000000 14.219688 76.631578 90.851266
24.000000 16.034637 81.477484 97.512122
25.000000 28.771477 107.614233 136.385710
26.000000 14.983986 69.480356 84.464343
27.000000 17.819862 67.748512 85.568374
28.000000 16.706034 39.940221 56.646255
29.000000 12.671082 46.675208 59.346290
30.000000 15.307012 29.809751 45.116763
31.000000 19.913320 37.631513 57.544834
32.000000 17.650329 38.123689 55.774018
33.000000 24.263814 44.804346 69.068160
34.000000 20.776780 29.549768 50.326548
35.000000 17.415577 30.596927 48.012504
36.000000 12.755179 25.934812 38.689991
37.000000 12.759582 40.217776 52.977358
38.000000 20.178340 35.775247 55.953587
39.000000 22.161693 30.744085 52.905778
40.000000 12.191593 24.417653 36.609246
41.000000 17.745217 19.669031 37.414248
42.000000 12.952328 24.400896 37.353224
43.000000 10.840522 10.239773 21.080295
44.000000 16.697389 28.150568 44.847957
45.000000 17.057717 35.777801 52.835518
46.000000 12.634267 16.321119 28.955387
47.000000 14.086819 18.585189 32.672008
48.000000 19.210446 20.544250 39.754696
49.000000 13.106245 26.726612 39.832857
50.000000 15.179134 33.222062 48.401196
51.000000 17.228773 25.405713 42.634487
52.000000 17.191105 20.457576 37.648681
53.000000 26.610715 19.529033 46.139748
54.000000 25.516579 30.332543 55.849122
55.000000 27.014864 19.383376 46.398240
56.000000 18.359864 19.892476 38.252340
57.000000 27.732069 24.392942 52.125010
58.000000 24.395852 22.451741 46.847593
59.000000 33.403418 14.707269 48.110687
60.000000 27.446465 14.977299 42.423764
61.000000 29.841277 27.032594 56.873871
62.000000 27.574303 21.614603 49.188906
63.000000 29.610867 26.054279 55.665147
64.000000 27.890087 17.650369 45.540456
65.000000 41.404833 27.761918 69.166751
66.000000 27.295336 14.972418 42.267753
67.000000 30.423950 29.222987 59.646938
68.000000 35.988229 25.824674 61.812904
69.000000 34.623963 23.673597 58.297561
70.000000 43.006097 17.048861 60.054958
71.000000 40.861982 22.214114 63.076096
72.000000 33.953440 14.441546 48.394987
73.000000 40.684615 22.274483 62.959098
74.000000 37.418343 23.935803 61.354146
75.000000 44.551641 21.858174 66.409815
76.000000 40.555173 42.137059 82.692232
77.000000 46.777658 25.461863 72.239520
78.000000 42.669572 29.391702 72.061274
79.000000 42.003100 29.429072 71.432173
80.000000 47.028682 36.078645 83.107328
81.000000 47.086230 17.740233 64.826463
82.000000 45.083713 48.287390 93.371102
83.000000 45.255319 32.942101 78.197420
84.000000 50.855799 22.642824 73.498623
85.000000 49.145553 29.507496 78.653049
86.000000 46.165664 31.711658 77.877322
87.000000 46.953622 29.922727 76.876349
88.000000 56.273134 21.016254 77.289388
89.000000 51.109052 26.035029 77.144081
90.000000 46.727068 31.911958 78.639026
91.000000 54.792402 27.773066 82.565468
92.000000 58.154430 27.782974 85.937404
93.000000 50.914933 29.282502 80.197435
94.000000 64.547320 39.314227 103.861547
95.000000 59.426485 33.197322 92.623808
96.000000 53.103860 40.784551 93.888411
97.000000 59.401371 32.902065 92.303436
98.000000 56.187753 27.859918 84.047671
99.000000 65.270984 30.219153 95.490137
100.000000 71.515111 24.770818 96.285929
101.000000 69.901776 29.937065 99.838841
102.000000 68.359002 29.988936 98.347939
103.000000 63.640437 40.430914 104.071351
104.000000 66.671475 26.689031 93.360506
105.000000 59.469819 50.218497 109.688315
106.000000 69.452660 40.186817 109.639477
107.000000 75.917453 34.896913 110.814366
108.000000 70.067704 36.089733 106.157438
109.000000 68.858006 38.888570 107.746575
110.000000 70.538242 41.458124 111.996365
111.000000 69.852598 52.066482 121.919080
112.000000 67.564264 42.431282 109.995546
113.000000 72.775276 42.568989 115.344265
114.000000 71.604840 35.084578 106.689418
115.000000 75.229412 40.833747 116.063159
116.000000 82.265395 47.314850 129.580245
117.000000 73.425491 44.373472 117.798963
118.000000 79.305135 37.417330 116.722465
119.000000 78.881362 54.478733 133.360095
120.000000 75.829135 44.230575 120.059710
121.000000 80.870450 45.113527 125.983978
122.000000 84.466335 40.339938 124.806274
123.000000 74.838884 57.650067 132.488951
124.000000 82.696531 40.946938 123.643469
125.000000 80.850912 40.643270 121.494182
126.000000 88.175955 44.557890 132.733845
127.000000 84.320295 44.918350 129.238645
128.000000 78.000057 51.987262 129.987319
129.000000 87.475421 45.711072 133.186493
130.000000 84.635057 43.798969 128.434027
131.000000 90.889503 48.819513 139.709016
132.000000 85.888596 41.765873 127.654469
133.000000 94.609639 34.475273 129.084912
134.000000 92.323827 50.602783 142.926610
135.000000 89.361754 55.303629 144.665383
136.000000 93.172566 40.105730 133.278297
137.000000 91.780570 46.847719 138.628288
138.000000 94.265995 49.554307 143.820303
139.000000 89.791076 36.898560 126.689636
140.000000 97.837159 38.515545 136.352704
141.000000 85.153911 43.002088 128.156000
142.000000 93.705803 48.257547 141.963350
143.000000 95.071826 51.076391 146.148217
144.000000 94.312017 51.846814 146.158831
145.000000 88.345780 45.224036 133.569817
146.000000 99.480533 45.123950 144.604483
147.000000 94.405376 47.876101 142.281478
148.000000 92.656871 41.495866 134.152738
149.000000 97.170880 43.723008 140.893888
150.000000 105.204432 43.753590 148.958022
151.000000 105.585446 46.291306 151.876752
152.000000 99.272117 42.256464 141.528581
153.000000 94.252105 57.353453 151.605558
154.000000 115.761569 48.862477 164.624045
155.000000 100.244568 41.644118 141.888686
156.000000 106.308712 44.605277 150.913989
157.000000 102.954186 38.262110 141.216296
158.000000 105.842588 50.523383 156.365970
159.000000 106.763715 50.600807 157.364523
160.000000 112.198095 41.094683 153.292778
161.000000 111.971818 52.816939 164.788757
162.000000 103.557146 51.625240 155.182386
163.000000 106.345279 57.036959 163.382238
164.000000 110.595827 44.025743 154.621570
165.000000 111.222338 58.481773 169.704111
166.000000 115.883800 55.260469 171.144269
167.000000 109.911087 54.633413 164.544500
168.000000 117.143341 55.285366 172.428707
169.000000 118.057709 42.006662 160.064371
170.000000 113.525804 51.623706 165.149510
171.000000 114.167007 52.616142 166.783149
172.000000 118.834353 49.831672 168.666025
173.000000 108.643634 70.234054 178.877688
174.000000 105.496242 51.105626 156.601867
175.000000 113.940651 55.970308 169.910959
176.000000 110.642600 53.919533 164.562133
177.000000 111.749844 51.607632 163.357476
178.000000 117.763675 33.167978 150.931653
179.000000 121.756759 46.992782 168.749540
180.000000 119.164459 52.733805 171.898264
181.000000 118.097406 49.743097 167.840503
182.000000 121.535954 46.749490 168.285444
183.000000 114.432029 57.380474 171.812503
184.000000 125.650786 53.199007 178.849793
185.000000 117.559410 46.708915 164.268326
186.000000 126.965638 45.554234 172.519871
187.000000 128.181841 54.800887 182.982728
188.000000 126.314271 42.473092 168.787363
189.000000 123.890046 58.382274 182.272321
190.000000 124.380746 45.662057 170.042803
191.000000 124.990997 44.556022 169.547019
192.000000 130.189093 45.224813 175.413906
193.000000 123.725129 45.643448 169.368577
194.000000 126.407581 51.219836 177.627416
195.000000 124.375864 56.500205 180.876070
196.000000 127.082262 55.287512 182.369774
197.000000 127.904303 48.366106 176.270410
198.000000 128.096196 57.443703 185.539899
199.000000 130.336562 58.103975 188.440537
200.000000 126.315816 43.091692 169.407508
201.000000 129.599622 47.094186 176.693808
202.000000 135.698056 47.212632 182.910688
203.000000 130.391267 44.540603 174.931870
204.000000 130.607963 49.255531 179.863493
205.000000 135.470192 47.044810 182.515002
206.000000 130.974831 54.844950 185.819781
207.000000 130.571132 60.011004 190.582136
208.000000 131.265149 47.636576 178.901725
209.000000 137.274069 48.063910 185.337979
210.000000 129.907887 51.171128 181.079016
211.000000 134.754242 51.318960 186.073202
212.000000 128.441813 51.455354 179.897166
213.000000 137.792686 49.545413 187.338099
214.000000 140.396533 50.061919 190.458452
215.000000 132.840741 52.523317 185.364058
216.000000 132.215953 49.562803 181.778756
217.000000 136.356425 53.729204 190.085629
218.000000 138.214066 51.219849 189.433915
219.000000 137.384788 52.734345 190.119133
220.000000 138.484026 53.066653 191.550678
221.000000 136.530612 55.424404 191.955016
222.000000 135.157215 45.214326 180.371541
223.000000 141.079151 42.398512 183.477663
224.000000 139.518063 51.925183 191.443246
225.000000 138.722953 55.548812 194.271765
226.000000 146.862048 50.443811 197.305859
227.000000 136.941475 53.609261 190.550736
228.000000 138.441662 60.955295 199.396957
229.000000 136.143932 46.062151 182.206083
230.000000 144.617530 62.634537 207.252067
231.000000 138.715195 54.612069 193.327264
232.000000 140.858854 59.734761 200.593615
233.000000 147.948779 61.309049 209.257828
234.000000 144.295499 52.743189 197.038688
235.000000 140.499443 44.615592 185.115035
236.000000 136.146365 50.624332 186.770697
237.000000 148.259832 41.943021 190.202853
238.000000 144.868736 41.576310 186.445046
239.000000 144.610023 45.046808 189.656831
240.000000 144.994133 52.522019 197.516152
241.000000 145.740939 49.617396 195.358335
242.000000 146.970624 49.062880 196.033504
243.000000 142.139838 58.215200 200.355038
244.000000 147.855081 42.019081 189.874162
245.000000 147.256452 46.525952 193.782404
246.000000 147.281926 49.356984 196.638910
247.000000 149.270983 39.131043 188.402026
248.000000 145.764680 53.765666 199.530346
249.000000 146.470752 50.804921 197.275673
250.000000 149.834901 52.856847 202.691748
251.000000 147.242312 58.704569 205.946881
252.000000 150.053311 44.764940 194.818250
253.000000 150.171660 46.038881 196.210541
254.000000 152.085152 55.628789 207.713941
255.000000 146.179481 65.005660 211.185140
256.000000 155.691229 41.616125 197.307354
257.000000 150.279729 52.336277 202.616006
258.000000 152.027968 65.689274 217.717242
259.000000 152.248502 64.221879 216.470381
260.000000 146.974051 53.163020 200.137071
261.000000 155.218323 37.731170 192.949493
262.000000 150.830456 58.298225 209.128682
263.000000 153.787865 52.614173 206.402038
264.000000 153.020613 56.333960 209.354573
265.000000 154.605417 46.064937 200.670354
266.000000 154.975301 47.879314 202.854615
267.000000 157.812863 45.477769 203.290632
268.000000 156.920747 45.121115 202.041862
269.000000 151.394849 52.859377 204.254226
270.000000 154.529226 51.395170 205.924396
271.000000 156.350240 60.124508 216.474749
272.000000 157.621289 53.233433 210.854721
273.000000 156.554033 43.239468 199.793502
274.000000 157.542859 51.236308 208.779168
275.000000 160.525645 50.921431 211.447076
276.000000 154.324068 54.643572 208.967640
277.000000 160.384950 53.694625 214.079575
278.000000 159.738808 60.229637 219.968445
279.000000 155.447043 59.133069 214.580112
280.000000 156.716347 52.185664 208.902010
281.000000 161.396161 48.143131 209.539292
282.000000 157.864017 57.404874 215.268892
283.000000 161.192869 48.649445 209.842314
284.000000 157.000058 53.052636 210.052693
285.000000 158.793485 52.345395 211.138880
286.000000 160.795964 59.685008 220.480972
287.000000 155.165535 51.593347 206.758882
288.000000 161.678200 55.019259 216.697459
289.000000 161.624014 50.119574 211.743588
290.000000 162.331906 38.768051 201.099957
291.000000 160.331806 51.040814 211.372619
292.000000 161.417085 48.403638 209.820723
293.000000 157.169777 57.442037 214.611814
294.000000 162.480742 50.653218 213.133961
295.000000 163.789909 49.310611 213.100520
296.000000 158.783696 50.106198 208.889894
297.000000 158.933021 54.063727 212.996748
298.000000 160.560861 54.921218 215.482079
299.000000 165.994835 48.839474 214.834309
300.000000 161.762998 48.357601 210.120599
301.000000 167.410606 45.848742 213.259348
302.000000 162.915776 48.430010 211.345786
303.000000 163.628545 52.429770 216.058316
304.000000 170.657778 45.935017 216.592795
305.000000 166.132346 45.928367 212.060713
306.000000 160.668875 59.913725 220.582600
307.000000 165.355724 39.068814 204.424538
308.000000 169.351394 42.981672 212.333066
309.000000 167.887613 46.110250 213.997863
310.000000 169.537506 49.374629 218.912135
311.000000 165.775864 51.102723 216.878587
312.000000 168.229854 42.745857 210.975711
313.000000 165.176587 55.673539 220.850126
314.000000 165.226752 46.286445 211.513197
315.000000 163.713406 46.076000 209.789406
316.000000 171.042220 48.659643 219.701863
317.000000 169.496872 46.824781 216.321653
318.000000 168.740986 49.617659 218.358645
319.000000 164.940707 46.298593 211.239300
