5.000000 17.752961 739.632067 757.385028
6.000000 17.936279 598.409525 616.345803
7.000000 17.717343 488.698366 506.415709
8.000000 17.446544 412.986203 430.432746
9.000000 17.617431 351.549849 369.167280
10.000000 17.221546 302.425059 319.646605
11.000000 17.201328 263.741404 280.942732
12.000000 17.163193 230.848496 248.011689
13.000000 17.164863 203.982794 221.147657
14.000000 16.778371 181.349767 198.128138
15.000000 16.956521 161.994230 178.950751
16.000000 16.791409 146.687572 163.478981
17.000000 16.314614 131.209531 147.524146
18.000000 16.558084 118.428423 134.986507
19.000000 16.319156 108.254422 124.573579
20.000000 16.372806 98.284543 114.657348
21.000000 16.103441 90.545781 106.649222
22.000000 16.123564 83.363986 99.487550
23.000000 15.944610 77.629144 93.573754
24.000000 16.034454 71.009875 87.044328
25.000000 15.845016 66.067736 81.912752
26.000000 15.825663 61.142361 76.968024
27.000000 15.810236 57.209657 73.019893
28.000000 15.746207 53.605379 69.351585
29.000000 15.599648 49.519683 65.119331
30.000000 15.675827 47.096313 62.772140
31.000000 15.421182 43.963367 59.384548
32.000000 15.334505 41.837568 57.172074
33.000000 15.414070 39.482841 54.896911
34.000000 15.726221 37.246897 52.973118
35.000000 15.561548 35.782562 51.344110
36.000000 15.918705 34.427833 50.346538
37.000000 15.743061 32.158874 47.901936
38.000000 15.850684 31.494540 47.345224
39.000000 15.865369 29.526520 45.391889
40.000000 16.231166 28.549127 44.780294
41.000000 16.335233 27.901588 44.236821
42.000000 16.666860 27.154339 43.821199
43.000000 16.800091 26.014431 42.814522
44.000000 17.158138 25.188323 42.346461
45.000000 17.367005 25.057941 42.424946
46.000000 17.907222 24.557449 42.464671
47.000000 18.653155 24.415798 43.068954
48.000000 18.864754 23.950039 42.814794
49.000000 19.350226 23.112984 42.463210
50.000000 19.751849 22.869042 42.620891
51.000000 20.456655 22.948998 43.405653
52.000000 20.960468 22.661839 43.622307
53.000000 21.365083 22.748239 44.113321
54.000000 22.179587 23.091356 45.270943
55.000000 22.854594 22.437076 45.291670
56.000000 23.723663 22.809438 46.533101
57.000000 24.100694 22.555963 46.656657
58.000000 24.642730 23.233690 47.876421
59.000000 25.425310 22.973053 48.398363
60.000000 26.513470 22.766892 49.280362
61.000000 26.985029 23.228215 50.213244
62.000000 27.985150 23.517606 51.502756
63.000000 28.740267 23.300458 52.040724
64.000000 29.449047 23.567769 53.016816
65.000000 30.483439 24.070443 54.553882
66.000000 31.233814 24.284631 55.518445
67.000000 32.108738 24.685501 56.794240
68.000000 33.050598 25.068519 58.119117
69.000000 33.761957 25.178351 58.940308
70.000000 34.835176 25.522125 60.357300
71.000000 36.007995 26.229049 62.237044
72.000000 36.917561 26.030338 62.947899
73.000000 37.602697 26.779518 64.382215
74.000000 38.816151 27.180750 65.996901
75.000000 39.496713 27.433058 66.929771
76.000000 40.150575 27.518507 67.669081
77.000000 41.044560 28.193831 69.238392
78.000000 42.388004 28.455175 70.843179
79.000000 42.766336 28.774439 71.540775
80.000000 43.992769 29.040989 73.033759
81.000000 45.131776 29.232363 74.364139
82.000000 45.957891 29.323501 75.281393
83.000000 46.513736 30.290796 76.804532
84.000000 47.737373 30.228430 77.965803
85.000000 48.735997 30.789175 79.525172
86.000000 49.573924 31.159026 80.732950
87.000000 50.513324 31.325105 81.838429
88.000000 51.482843 31.946185 83.429029
89.000000 52.351520 32.180438 84.531959
90.000000 53.192499 32.407119 85.599619
91.000000 54.162588 32.827618 86.990206
92.000000 54.851878 33.695703 88.547581
93.000000 55.785093 33.674548 89.459641
94.000000 56.861588 33.690194 90.551782
95.000000 57.686008 34.060184 91.746191
96.000000 58.592721 34.426990 93.019710
97.000000 59.376068 35.144627 94.520694
98.000000 60.427088 35.312363 95.739452
99.000000 61.473802 36.071415 97.545216
100.000000 62.260681 36.008551 98.269232
101.000000 63.214136 36.600491 99.814627
102.000000 63.956581 36.721482 100.678063
103.000000 64.476220 37.365456 101.841676
104.000000 65.800878 37.877369 103.678247
105.000000 66.512230 37.830774 104.343004
106.000000 67.400463 37.497994 104.898457
107.000000 68.477799 38.581852 107.059652
108.000000 69.011562 38.810761 107.822322
109.000000 69.858279 39.038666 108.896945
110.000000 70.713743 39.287215 110.000958
111.000000 71.585484 39.111365 110.696849
112.000000 72.485202 39.670325 112.155527
113.000000 73.364849 40.180844 113.545693
114.000000 74.319621 40.438984 114.758605
115.000000 74.985414 40.628603 115.614017
116.000000 75.705521 40.754981 116.460502
117.000000 76.451180 40.945884 117.397064
118.000000 77.453107 41.584095 119.037202
119.000000 78.187539 41.895900 120.083439
120.000000 79.154505 41.632465 120.786970
121.000000 79.708156 42.141310 121.849466
122.000000 80.408139 42.317476 122.725615
123.000000 81.261382 43.051645 124.313027
124.000000 81.918786 42.824272 124.743058
125.000000 82.927777 43.263519 126.191296
126.000000 83.456207 43.034673 126.490879
127.000000 84.248576 43.606141 127.854717
128.000000 85.023623 43.764493 128.788116
129.000000 86.015048 44.055436 130.070484
130.000000 86.666390 44.439388 131.105779
131.000000 87.311407 44.127934 131.439341
132.000000 88.166212 44.632209 132.798421
133.000000 88.830157 44.781203 133.611361
134.000000 89.416434 44.993840 134.410274
135.000000 90.055485 45.126481 135.181966
136.000000 91.075567 45.484446 136.560013
137.000000 91.644060 45.766717 137.410777
138.000000 92.592143 45.483657 138.075799
139.000000 93.231269 45.948671 139.179940
140.000000 93.825465 46.293195 140.118660
141.000000 94.544963 46.405594 140.950557
142.000000 95.181433 46.397065 141.578499
143.000000 96.045107 46.298464 142.343571
144.000000 96.432543 46.939981 143.372524
145.000000 97.158696 46.708688 143.867384
146.000000 98.086196 46.924544 145.010739
147.000000 98.347195 47.667377 146.014572
148.000000 99.172414 47.374659 146.547073
149.000000 99.929679 47.351768 147.281447
150.000000 100.649349 47.718141 148.367489
151.000000 101.074643 47.530054 148.604698
152.000000 101.999249 47.724730 149.723980
153.000000 102.559554 48.036363 150.595917
154.000000 103.131210 48.219841 151.351051
155.000000 103.777612 47.979315 151.756927
156.000000 104.293229 48.544736 152.837965
157.000000 105.054910 48.235809 153.290719
158.000000 105.472741 48.349254 153.821995
159.000000 106.086047 48.857671 154.943719
160.000000 106.787980 48.568061 155.356041
161.000000 107.544235 49.076525 156.620760
162.000000 107.828934 49.478811 157.307746
163.000000 108.595286 48.909739 157.505025
164.000000 109.085189 49.549742 158.634931
165.000000 109.743980 49.738343 159.482323
166.000000 110.295966 49.349388 159.645354
167.000000 111.140946 49.520760 160.661705
168.000000 111.588837 49.554080 161.142917
169.000000 112.161702 49.434902 161.596604
170.000000 113.064013 49.332995 162.397007
171.000000 113.232020 49.570004 162.802024
172.000000 113.830289 49.601671 163.431960
173.000000 114.301076 49.412284 163.713360
174.000000 114.914824 50.182507 165.097331
175.000000 115.661045 50.095492 165.756537
176.000000 116.173135 49.812026 165.985161
177.000000 116.639810 50.515207 167.155017
178.000000 117.265083 50.067725 167.332808
179.000000 117.632159 50.461890 168.094050
180.000000 118.279309 50.470285 168.749594
181.000000 118.780683 50.360101 169.140784
182.000000 119.607701 50.586046 170.193748
183.000000 119.851000 50.751283 170.602283
184.000000 120.438952 50.279098 170.718050
185.000000 121.004300 50.495089 171.499389
186.000000 121.402169 50.610214 172.012383
187.000000 122.127902 51.096970 173.224872
188.000000 122.259391 50.663664 172.923056
189.000000 122.832977 50.897982 173.730960
190.000000 123.479300 50.836095 174.315395
191.000000 123.807206 50.779416 174.586622
192.000000 124.652347 51.092510 175.744856
193.000000 125.001249 51.123644 176.124892
194.000000 125.267773 51.212148 176.479922
195.000000 125.945032 50.903501 176.848534
196.000000 126.272618 51.044098 177.316716
197.000000 126.811015 50.975279 177.786294
198.000000 127.467991 50.924566 178.392557
199.000000 127.956417 51.163067 179.119484
200.000000 128.354082 51.178372 179.532455
201.000000 128.770480 51.063010 179.833489
202.000000 129.314138 51.190721 180.504860
203.000000 129.680170 51.092698 180.772868
204.000000 130.042894 51.810825 181.853719
205.000000 130.644147 51.423758 182.067905
206.000000 131.067040 50.962056 182.029095
207.000000 131.488587 51.290258 182.778845
208.000000 131.920075 51.567899 183.487975
209.000000 132.625161 50.998135 183.623295
210.000000 132.937766 51.617701 184.555467
211.000000 133.265420 51.299276 184.564696
212.000000 133.760948 51.548616 185.309563
213.000000 134.278323 51.365438 185.643761
214.000000 134.766769 51.415166 186.181935
215.000000 135.039842 51.695295 186.735137
216.000000 135.360657 51.340939 186.701596
217.000000 135.949641 51.456440 187.406081
218.000000 136.351250 51.256297 187.607546
219.000000 136.739430 51.515628 188.255058
220.000000 137.254502 51.238773 188.493276
221.000000 137.535594 51.261802 188.797395
222.000000 138.035335 51.243409 189.278744
223.000000 138.533441 51.056056 189.589496
224.000000 139.003513 51.205428 190.208941
225.000000 139.342738 51.100936 190.443673
226.000000 139.628563 51.521003 191.149566
227.000000 140.101494 51.163328 191.264822
228.000000 140.501603 51.242070 191.743673
229.000000 140.795369 51.261378 192.056747
230.000000 141.241228 51.442363 192.683591
231.000000 141.602291 51.726592 193.328883
232.000000 141.962047 51.152187 193.114234
233.000000 142.510804 51.103505 193.614309
234.000000 142.729039 50.940556 193.669595
235.000000 143.124690 51.369754 194.494444
236.000000 143.589657 51.159467 194.749124
237.000000 143.975601 50.982277 194.957878
238.000000 144.395110 51.159155 195.554265
239.000000 144.641537 51.493034 196.134570
240.000000 145.165875 51.353907 196.519781
241.000000 145.458643 51.454935 196.913578
242.000000 145.891077 51.084667 196.975744
243.000000 146.319811 50.855864 197.175675
244.000000 146.474230 51.180710 197.654940
245.000000 146.932035 50.935993 197.868027
246.000000 147.164091 51.037001 198.201092
247.000000 147.612239 50.782749 198.394987
248.000000 148.059170 51.212670 199.271840
249.000000 148.385073 50.980016 199.365089
250.000000 148.632849 50.594363 199.227213
251.000000 149.065998 51.205224 200.271222
252.000000 149.296271 50.786909 200.083180
253.000000 149.704316 50.702731 200.407047
254.000000 150.080890 50.858297 200.939186
255.000000 150.594200 50.572795 201.166995
256.000000 150.849089 50.649943 201.499032
257.000000 151.116124 50.439408 201.555531
258.000000 151.484989 50.715447 202.200436
259.000000 151.733212 50.915510 202.648721
260.000000 152.161963 50.563090 202.725053
261.000000 152.394383 50.230867 202.625251
262.000000 152.777928 50.401074 203.179001
263.000000 153.222122 50.477084 203.699206
264.000000 153.498427 50.565540 204.063967
265.000000 153.808243 50.286253 204.094496
266.000000 153.955290 50.502757 204.458047
267.000000 154.500114 50.314447 204.814561
268.000000 154.656414 50.010327 204.666741
269.000000 155.134544 50.282971 205.417515
270.000000 155.289961 50.207094 205.497056
271.000000 155.490576 50.333203 205.823779
272.000000 155.991575 50.183779 206.175354
273.000000 156.264694 50.157632 206.422326
274.000000 156.487316 49.857799 206.345114
275.000000 156.819268 50.038626 206.857894
276.000000 157.098317 49.805443 206.903760
277.000000 157.546562 49.735165 207.281728
278.000000 157.840003 50.009005 207.849008
279.000000 158.040434 49.929909 207.970342
280.000000 158.403447 49.715993 208.119439
281.000000 158.744133 49.672467 208.416600
282.000000 159.048925 49.677485 208.726410
283.000000 159.224001 50.055382 209.279383
284.000000 159.593889 49.599537 209.193426
285.000000 159.978116 49.894314 209.872430
286.000000 160.096829 49.600381 209.697210
287.000000 160.505786 49.490991 209.996776
288.000000 160.851241 49.577799 210.429040
289.000000 161.113311 49.185748 210.299058
290.000000 161.372431 49.480995 210.853427
291.000000 161.568455 49.330527 210.898982
292.000000 161.976049 49.380864 211.356914
293.000000 162.313868 49.397115 211.710983
294.000000 162.444362 49.200857 211.645219
295.000000 162.814102 49.411010 212.225112
296.000000 163.113118 49.270330 212.383448
297.000000 163.367562 49.088236 212.455799
298.000000 163.580373 49.023378 212.603751
299.000000 163.940734 48.993395 212.934128
300.000000 164.064285 49.048534 213.112819
301.000000 164.432985 49.067382 213.500367
302.000000 164.633417 49.135833 213.769251
303.000000 165.000324 48.520020 213.520344
304.000000 165.138765 49.225575 214.364340
305.000000 165.411302 48.907277 214.318579
306.000000 165.639337 48.691667 214.331003
307.000000 166.091230 48.630644 214.721873
308.000000 166.321252 48.651047 214.972299
309.000000 166.437034 48.367452 214.804486
310.000000 166.566347 48.528006 215.094354
311.000000 167.003171 48.289110 215.292280
312.000000 167.232271 48.504235 215.736506
313.000000 167.520267 48.464162 215.984429
314.000000 167.827530 48.100340 215.927870
315.000000 167.895786 48.573921 216.469707
316.000000 168.227609 48.364802 216.592410
317.000000 168.618978 48.374457 216.993434
318.000000 168.734991 48.315197 217.050188
319.000000 169.123739 47.924127 217.047865
